@memory
	 42 63 58 12 48 13 49 15;
	 51 31 55 14 50 2 19 7;
	 0 21 0 0 0 0 0 0;
	 0 0 0 0 0 0 0 0;
	 0 0 0 0 0 0 0 0;
	 0 0 0 0 0 0 0 0;
	 0 0 0 0 0 0 0 0;
	 0 0 0 0 0 0 0 0;
	 0 0 0 0 0 0 0 0;
	 0 0 0 0 0 0 0 0;
	 0 0 0 0 0 0 0 0;
	 0 0 0 0 0 0 0 0;
	 0 0 0 0 0 0 0 0;
	 0 0 0 0 0 0 0 0;
	 0 0 0 0 0 0 0 0;
	 0 0 0 0 0 0 0 0;
	 0 0 0 0 0 0 0 0;
	 0 0 0 0 0 0 0 0;
	 0 0 0 0 0 0 0 0;
	 0 0 0 0 0 0 0 0;
	 0 0 0 0 0 0 0 0;
	 0 0 0 0 0 0 0 0;
	 0 0 0 0 0 0 0 0;
	 0 0 0 0 0 0 0 0;
	 0 0 0 0 0 0 0 0;
	 0 0 0 0 0 0 0 0;
	 0 0 0 0 0 0 0 0;
	 0 0 0 0 0 0 0 0;
	 0 0 0 0 0 0 0 0;
	 0 0 0 0 0 0 0 0;
	 0 0 0 0 0 0 0 0;
	 0 0 0 0 0 0 0 0;
