@circuits
	 0 const 250 430;
	 1 junction 350 490;
	 2 junction 360 440;
	 3 clk 30 250;
	 4 latch 200 450;
	 5 latch 200 380;
	 6 add 320 440;
	 7 const 250 360;
	 8 add 320 370;
	 9 7seg 660 410;
	 10 junction 140 480;
	 11 probe 640 280;
	 12 mem64k 440 310;
	 13 junction 360 370;
	 14 junction 350 400;
	 15 junction 140 410;
	 16 not 300 310;
	 17 button 40 210 0;
	 18 junction 150 320;
	 19 junction 530 360;
	 20 const 250 340;
	 21 and 100 240;
@wires
	 5 0 8 1 1 0.5;
	 7 0 8 0 1 0.5;
	 6 0 2 0 1 0.5;
	 4 0 6 1 1 0.5;
	 1 0 10 0 1 0.5;
	 2 2 1 0 1 0.5;
	 0 0 6 0 1 0.5;
	 10 0 4 1 1 0.5;
	 8 0 13 0 1 0.5;
	 13 0 14 0 1 0.5;
	 14 0 15 0 1 0.5;
	 15 0 5 1 1 0.5;
	 2 1 12 2 0 0.9;
	 13 1 12 3 0 0.5;
	 8 1 6 2 1 0.5;
	 13 2 12 1 0 0.5;
	 21 0 18 0 0 0.5;
	 18 0 16 0 1 0.5;
	 16 0 12 0 1 0.5;
	 18 2 4 0 0 0.5;
	 18 1 5 0 0 0.5;
	 12 0 19 0 0 0.5;
	 20 0 8 2 1 0.5;
	 17 0 21 0 0 0.5;
	 3 0 21 1 1 0.5;
	 19 2 9 0 0 1.49012e-08;
	 19 0 11 0 1 1.49012e-08;
