@circuits
	 0 xor 460 260;
	 1 xor 460 330;
	 2 and 360 260;
	 3 and 360 330;
	 4 mult 710 290;
	 5 and 610 320;
	 6 add 610 270;
	 7 junction 510 260;
	 8 junction 510 330;
	 9 xor 820 290;
	 10 const 560 220;
	 11 mem255 360 500;
	 12 const 230 520;
	 13 const 300 500;
	 14 const 300 480;
	 15 splitt 460 480;
	 16 junction 760 510;
	 17 junction 630 470;
	 18 junction 630 430;
	 19 junction 580 420;
	 20 junction 540 420;
	 21 junction 420 410;
	 22 junction 490 430;
	 23 junction 250 440;
	 24 led 820 510;
	 25 led 820 480;
	 26 led 820 450;
	 27 led 820 420;
	 28 led 820 390;
	 29 led 820 360;
	 30 const 210 250;
	 31 const 160 320;
	 32 probe 940 290;
	 33 junction 240 320;
	 34 junction 280 250;
	 35 7seg 390 70;
	 36 7seg 390 170;
	 37 7seg 940 200;
	 38 junction 870 290;
	 39 not 310 290;
	 40 not 310 360;
	 41 not 690 220;
@wires
	 10 0 6 2 0 0.9;
	 1 0 8 0 1 0.5;
	 0 0 7 0 1 0.5;
	 7 1 6 0 0 0.5;
	 7 2 5 0 0 0.5;
	 8 0 6 1 0 0.4;
	 8 1 5 1 0 0.5;
	 5 0 4 1 0 0.5;
	 6 0 4 0 0 0.5;
	 3 0 1 0 0 0.5;
	 2 0 0 0 0 0.5;
	 4 0 9 0 0 0.5;
	 13 0 11 1 1 0.5;
	 14 0 11 0 1 0.5;
	 12 0 11 2 1 0.5;
	 11 0 15 0 1 0.5;
	 15 0 16 0 1 0.5;
	 16 0 9 1 0 0.5;
	 15 1 17 0 0 0.9;
	 17 0 41 0 0 0.5;
	 15 2 18 0 0 0.8;
	 18 0 1 1 1 0.5;
	 15 3 19 0 0 0.9;
	 19 0 40 0 1 0.7;
	 15 4 20 0 0 0.9;
	 20 0 21 0 0 0.5;
	 21 0 0 1 0 0.5;
	 15 5 22 0 0 0.5;
	 22 0 23 0 0 0.8;
	 23 0 39 0 0 0.5;
	 16 1 24 0 1 0.5;
	 17 1 25 0 0 0.5;
	 18 1 26 0 0 0.5;
	 19 1 27 0 1 0.5;
	 20 1 28 0 1 0.5;
	 22 1 29 0 1 0.1;
	 30 0 34 0 1 0.5;
	 31 0 33 0 1 0.5;
	 33 1 3 0 1 0.5;
	 9 0 38 0 1 0.5;
	 34 1 2 0 1 0.5;
	 38 0 37 0 0 0.5;
	 38 1 32 0 1 0.5;
	 34 0 35 0 0 1.49012e-08;
	 33 0 36 0 0 0.2;
	 39 0 2 1 1 0.5;
	 40 0 3 1 1 0.5;
	 41 0 4 2 1 0.5;
